//b = MountBone / p = PoseID / x= OffsetX / y =OffsetY / H= Height / S =Mountscale
//ID	MountName	Iteminfo	Characterinfo	B/P/X/Y/H/S-Lance	B/P/X/Y/H/S-Carsise	B/P/X/Y/H/S-Phyllis	B/P/X/Y/H/S-Ami
1	Baby Black Dragon Mount	9500	791	3,30,0,0,-5,1	3,30,0,0,0,1.1	3,16,0,0,25,1	3,16,0,0,33,0.8
2	Cuddly Lamb	9501	125	3,30,0,0,-5,1	3,30,0,0,0,1.1	3,16,0,0,25,1	3,16,0,0,33,0.8
3	Witch Broomstick	9502	1313	2,30,0,0,-50,1	2,30,0,0,-50,1.1	2,16,0,0,-15,1	2,16,0,0,-15,0.8
4	Pink Ostrich	9503	1314	1,30,0,0,-5,1	1,30,0,0,0,1.1	1,16,10,0,20,1	1,16,0,0,33,0.8
5	Lycan Mount	9504	1315	0,30,0,0,-5,1	0,30,0,0,-5,1.1	0,16,10,0,25,1	0,16,0,0,33,0.8
6	Little Cat Mount	9505	1316	1,30,0,0,-5,1	1,30,0,25,-5,1.1	1,16,0,25,20,1	1,16,0,25,33,0.8
7	Lion King Mount	9506	1317	0,30,0,35,-15,1	0,30,0,35,-15,1.1	0,16,0,30,20,1	0,16,0,30,33,0.8
8	Tortoise	9507	1318	0,30,0,35,-15,1	0,30,0,55,-15,1.1	0,16,0,55,30,1	0,16,0,45,33,0.8
9	T-Rex Mount	9508	1319	1,30,0,0,-5,1	1,30,0,0,0,1.1	1,16,10,0,20,1	1,16,10,0,33,0.8
10	Rat King	9509	1320	0,30,0,35,-5,1	0,30,0,35,-5,1.1	0,16,0,55,30,1	0,16,0,45,33,0.8
11	Pink Deer 	9510	1321	1,30,0,0,-5,1	1,30,0,10,-15,1.1	1,16,10,35,25,1	1,16,0,20,20,0.8
12	Little Wolf	9511	1322	1,30,0,30,-5,1	1,30,0,20,-5,1.1	1,16,10,35,20,1	1,16,0,30,25,0.8
13	Holikabter	9512	1323	3,30,0,75,-5,1	3,30,0,75,-5,1.1	3,16,0,80,15,1	3,16,0,80,33,0.8
14	White Elephant	9513	1324	2,30,0,30,-59,1	2,30,0,55,-59,1.1	2,16,0,55,-35,1	2,16,0,55,-25,0.8
15	Baby Rockets	9514	1325	2,30,0,-45,-59,1	2,30,0,-40,-59,1.1	2,16,0,-20,-10,1	2,16,0,-20,-10,0.8
16	Bing Squirrel	9515	1326	2,30,0,50,-59,1	2,30,0,50,-59,1.1	2,16,0,50,-30,1	2,16,0,50,-30,0.8
//17	Baby Red Eagle	10099	1789	0,30,0,-20,-5,1	2,30,-40,0,30,1.2	2,16,-40,0,35,0.9	2,16,-62,0,15,0.7
//18	Space Craft 	10100	1790	1,30,0,-70,-5,1	1,30,-5,-70,-5,1.1	1,16,-5,-50,30,0.9	1,16,-5,-50,30,0.7
17	Black Bird	10101	1782	0,30,0,-60,-15,1	0,30,0,-60,-15,1.1	0,16,0,-50,30,1	0,16,0,-45,33,0.8
18	Dragon Warrior	10102	1756	0,30,0,0,-30,1	0,30,0,10,-15,1.1	0,16,0,35,25,1	0,16,0,20,20,0.8
19	Unicorn	10103	1760	2,30,0,-40,-45,1	2,30,0,-45,-50,1.1	2,16,0,-35,20,1	2,16,0,-30,-5,0.765
20	Evil Dragon Bat	10104	1761	0,30,0,-25,-20,1	0,30,0,-15,-10,1.1	0,16,0,-15,5,1	0,16,0,-15,5,0.8
21	Warrior Horse	10105	1763	2,30,0,-5,-5,0.9	2,30,0,0,20,1.1	2,16,0,0,25,0.8	2,16,0,0,25,0.7
22	Night Horse	10106	1765	2,30,0,-10,-15,0.9	2,30,0,0,20,1.1	2,16,0,0,25,0.8	2,16,0,0,25,0.7
23	United Eagle	10108	1791	0,30,0,-30,-35,0.7	0,30,0,-10,-30,.8	0,16,0,-10,35,0.8	0,16,0,-10,15,0.7
//Extra
24	Pinky Spider	10109	1792	0,30,0,-20,10,1	0,30,0,0,30,1.2	0,16,0,0,35,0.9	0,16,0,0,35,0.7
25	Eagle Beast		10110	1793	0,30,0,-40,-15,0.6	0,30,0,-20,-20,0.6	0,16,0,-20,30,0.6	0,16,0,-25,30,0.5
26	Panda Dog		10111	1794	0,30,0,-20,67,0.6	0,30,0,-25,82,0.8	0,16,0,-20,100,0.6	0,16,0,-20,100,0.6
27	Turtle Beast	10112	1795	0,30,0,0,40,0.8	0,30,0,0,70,0.9	0,16,0,0,70,0.8	0,16,0,0,70,0.8
28	Warrior Beast Horse	10113	1796	0,30,0,-5,15,0.8	0,30,0,-5,30,1	0,16,0,-5,30,0.8	0,16,0,-5,40,0.8
29	Warrior Leopard	10114	1797	0,30,0,-65,-15,1	0,30,0,-50,-15,1	0,16,0,-45,15,0.9	0,16,0,-45,15,0.8
30	Venom Spider	10115	1798	0,30,0,10,-60,1	0,30,0,20,-60,1.3	0,16,0,0,-20,0.9	0,16,0,0,-5,0.8
31	Lizard Warrior	10116	1799	0,30,0,-30,0,0.9	0,30,0,-30,0,1.1	0,16,0,-30,30,0.9	0,16,0,-30,33,0.8
32	Blue Eagle	10117	1800	2,30,0,-25,-40,0.7	2,30,0,-25,-40,0.9	2,16,0,-25,10,0.7	2,16,0,-25,15,0.6
33	Warrior Tiger	10118	1801	0,30,0,0,-15,1	0,30,0,0,-15,1	0,16,0,0,15,0.9	0,16,0,0,15,0.8
34	Double Headed	10119	1802	0,30,0,-35,-35,1	0,30,0,-35,-35,1	0,16,0,-35,15,0.9	0,16,0,-35,15,0.8
35	Statue Guardian	10120	1803	2,30,0,-30,30,1	2,30,0,-45,30,1.1	2,30,40,-5,20,0.9	2,30,40,-5,20,0.8
36	Angelic Wolve	10121	1804	0,30,0,-35,20,0.8	0,30,0,-35,20,1	0,16,0,-35,50,0.8	0,16,0,-35,50,0.7
37	Pink Eagle	10122	1805	2,30,0,-25,-40,0.7	2,30,0,-25,-40,0.9	2,16,0,-25,10,0.7	2,16,0,-25,15,0.6
38	White Eagle	10123	1806	0,30,0,-30,-35,0.7	0,30,0,-10,-30,.8	0,16,0,-10,35,0.8	0,16,0,-10,15,0.7
39	Evil Bat	10124	1807	0,30,0,-25,-20,1	0,30,0,-15,-10,1.1	0,16,0,-15,5,1	0,16,0,-15,5,0.8
40	Beast Dragon	10125	1808	2,30,0,-25,-40,0.7	2,30,0,-25,-40,0.9	2,16,0,-25,10,0.7	2,16,0,-25,15,0.6
41	Winter Eagle	10126	1809	2,30,0,-25,-40,0.9	2,30,0,-25,-40,1	2,16,0,-25,10,0.8	2,16,0,-25,15,0.8
42	Reindeer	10127	1810	2,30,0,-60,-15,0.9	2,30,0,-60,-15,1	2,16,10,-60,20,0.8	2,16,0,-60,20,0.7
43	Black Dragon Beast	10107	1670	3,30,0,0,-5,1	3,30,0,0,0,1.1	3,16,0,0,25,1	3,16,0,0,33,0.8